ans =

 Columns 1 through 14:

    0.00000  -17.38907  -50.50402  -46.41760  -54.46280  -53.79975  -55.18610  -55.10098  -54.96302  -54.31732  -53.99420  -53.59039  -53.68068  -53.47221

 Columns 15 through 28:

  -53.46520  -53.58433  -53.49271  -53.29760  -53.58090  -53.54469  -53.31363  -53.64838  -53.57371  -53.34001  -53.50722  -53.68340  -53.39541  -53.27894

 Columns 29 through 42:

  -53.71192  -53.43413  -53.45522  -53.75830  -53.59851  -53.33522  -53.44356  -53.49099  -53.50824  -53.37492  -53.52061  -53.37117  -53.31363  -53.61425

 Columns 43 through 56:

  -53.52591  -53.31363  -53.46355  -53.59655  -53.46852  -53.29015  -53.57778  -53.37942  -53.34221  -53.84822  -53.39541  -53.27894  -53.81759  -53.39392

 Columns 57 through 70:

  -53.47248  -53.66800  -53.48066  -53.39969  -53.34393  -53.61539  -53.50824  -53.38824  -53.59009  -53.64646  -53.33094  -53.47553  -53.57778  -53.39541

 Columns 71 through 84:

  -53.29864  -53.66232  -53.39541  -53.30348  -53.74298  -53.42868  -53.26935  -53.88465  -53.47658  -53.32136  -53.60062  -53.51931  -53.48764  -53.51709

 Columns 85 through 98:

  -53.57682  -53.36078  -53.35725  -53.59449  -53.50161  -53.40552  -53.42083  -53.52874  -53.39541  -53.31066  -53.67373  -53.39541  -53.31198  -53.73158

 Columns 99 through 112:

  -53.42868  -53.30348  -53.56234  -53.48066  -53.42438  -53.50381  -53.57682  -53.36078  -53.44950  -53.63030  -53.47074  -53.51709  -53.68280  -53.44201

 Columns 113 through 126:

  -53.40265  -53.50386  -53.62671  -53.46989  -53.25577  -53.62479  -53.39541  -53.32399  -53.74298  -53.59851  -53.32929  -53.60062  -53.48066  -53.35121

 Columns 127 through 140:

  -53.43620  -53.57682  -53.35121  -53.51709  -53.64621  -53.39407  -53.44950  -53.66690  -53.48475  -53.67130  -53.46520  -53.44610  -53.51135  -53.35242

 Columns 141 through 154:

  -53.72256  -53.46989  -53.26912  -53.60389  -53.40154  -53.34130  -53.56234  -53.48066  -53.39377  -53.43620  -53.57682  -53.35121  -53.44950  -53.64621

 Columns 155 through 168:

  -53.49025  -53.44950  -53.46520  -53.47055  -53.53104  -53.28426  -53.58090  -53.59852  -53.29760  -53.61176  -53.54453  -53.35242  -53.82821  -53.55093

 Columns 169 through 182:

  -53.31492  -53.51328  -53.52691  -53.40576  -53.41109  -53.57682  -53.39377  -53.44950  -53.55590  -53.55450  -53.46676  -53.46520  -53.43654  -53.53104

 Columns 183 through 196:

  -53.30029  -53.56673  -53.53104  -53.29760  -53.57786  -53.63164  -53.29760  -53.64838  -53.59639  -53.50718  -53.44691  -53.55501  -53.37942  -53.32317

 Columns 197 through 210:

  -53.69229  -53.40576  -53.41109  -53.55590  -53.35352  -53.46676  -53.46520  -53.43654  -53.53104  -53.30029  -53.53279  -53.53104  -53.31363  -53.63613

 Columns 211 through 224:

  -53.66955  -53.31492  -53.39658  -53.68340  -53.37942  -53.26559  -53.71192  -53.43413  -53.43887  -53.72028  -53.41269  -53.32317  -53.72885  -53.48691

 Columns 225 through 238:

  -53.45339  -53.46520  -53.47902  -53.53104  -53.31363  -53.53279  -53.53104  -53.31363  -53.51185  -53.73355  -53.33094  -53.42106  -53.61605  -53.37942

 Columns 239 through 252:

  -53.23144  -53.77913  -53.37942  -53.27894  -53.78111  -53.41269  -53.43887  -53.82122  -53.46470  -53.52717  -53.34672  -53.49099  -53.49271  -53.31363

 Columns 253 through 266:

  -53.64457  -53.53104  -53.31363  -53.63887  -53.49091  -53.33094  -53.42106  -53.61605  -53.39541  -53.25600  -53.71192  -53.39541  -53.24479  -53.84822

 Columns 267 through 280:

  -53.59851  -53.29626  -53.60062  -53.46470  -53.48273  -53.43986  -53.56088  -53.45415  -53.36004  -53.65650  -53.52591  -53.31363  -53.68116  -53.61198

 Columns 281 through 294:

  -53.35602  -53.42106  -53.61605  -53.39541  -53.26935  -53.71192  -53.39541  -53.26935  -53.69106  -53.59851  -53.26213  -53.66800  -53.48066  -53.36078

 Columns 295 through 308:

  -53.43620  -53.56088  -53.43339  -53.45315  -53.63030  -53.48738  -53.36004  -53.47553  -53.57778  -53.46852  -53.29864  -53.70746  -53.39541  -53.26935

 Columns 309 through 322:

  -53.78111  -53.39541  -53.26935  -53.81759  -53.35516  -53.28667  -53.60062  -53.48066  -53.32670  -53.43620  -53.57682  -53.36078  -53.44950  -53.63030

 Columns 323 through 336:

  -53.63632  -53.51465  -53.44922  -53.53930  -53.46989  -53.31066  -53.67373  -53.39541  -53.31198  -53.78111  -53.42868  -53.31198  -53.81759  -53.48066

 Columns 337 through 350:

  -53.31178  -53.60062  -53.48066  -53.35121  -53.44950  -53.57682  -53.32670  -53.44950  -53.55590  -53.32051  -53.46676  -53.44922  -53.51858  -53.57887

 Columns 351 through 364:

  -53.28426  -53.63533  -53.46989  -53.32399  -53.74298  -53.58052  -53.31198  -53.60062  -53.48066  -53.46687  -53.43620  -53.57682  -53.35121  -53.44950

 Columns 365 through 378:

  -53.64621  -53.38451  -53.44950  -53.68280  -53.43246  -53.46676  -53.46520  -53.44610  -53.53104  -53.29760  -53.61465  -53.57887  -53.29760  -53.70463

 Columns 379 through 392:

  -53.67266  -53.34130  -53.56234  -53.52691  -53.40576  -53.43620  -53.57682  -53.39377  -53.44950  -53.64621  -53.38451  -53.44950  -53.68280  -53.43654

 Columns 393 through 406:

  -53.60393  -53.46520  -53.43654  -53.53104  -53.31363  -53.54232  -53.53104  -53.29760  -53.59375  -53.55845  -53.31492  -53.52385  -53.55501  -53.43413

 Columns 407 through 420:

  -53.39779  -53.62297  -53.40576  -53.41109  -53.64621  -53.53268  -53.44950  -53.46520  -53.43654  -53.53104  -53.30029  -53.53279  -53.53104  -53.31363

 Columns 421 through 434:

  -53.60224  -53.56421  -53.31363  -53.64838  -53.61198  -53.31492  -53.43062  -53.68340  -53.37942  -53.40109  -53.71556  -53.43413  -53.36105  -53.60207

 Columns 435 through 448:

  -53.60881  -53.42837  -53.46520  -53.47902  -53.53104  -53.30029  -53.53279  -53.53104  -53.31363  -53.60224  -53.56421  -53.31363  -53.63887  -53.61605

 Columns 449 through 462:

  -53.46852  -53.26559  -53.61605  -53.37942  -53.27894  -53.84822  -53.37942  -53.35168  -53.82122  -53.39392  -53.42755  -53.51146  -53.49099  -53.49271

 Columns 463 through 476:

  -53.30029  -53.57518  -53.53104  -53.31363  -53.60224  -53.73355  -53.33094  -53.42106  -53.61605  -53.39541  -53.25600  -53.71192  -53.39541  -53.24479

 Columns 477 through 490:

  -53.78111  -53.41269  -53.27894  -53.88465  -53.46061  -53.39403  -53.60427  -53.51931  -53.49189  -53.38824  -53.58713  -53.49271  -53.31363  -53.55426

 Columns 491 through 504:

  -53.73355  -53.33094  -53.42106  -53.61605  -53.39541  -53.25600  -53.71192  -53.39541  -53.26935  -53.78111  -53.42868  -53.24479  -53.77342  -53.46470

 Columns 505 through 518:

  -53.43394  -53.50381  -53.46470  -53.43339  -53.45315  -53.68472  -53.49189  -53.38824  -53.69308  -53.45254  -53.33094  -53.46355  -53.57778  -53.39541

 Columns 519 through 532:

  -53.29864  -53.71192  -53.39541  -53.26935  -53.78111  -53.59851  -53.28667  -53.60062  -53.48066  -53.32670  -53.43620  -53.56088  -53.36078  -53.51709

 Columns 533 through 546:

  -53.63030  -53.46663  -53.49740  -53.66690  -53.53522  -53.43056  -53.47553  -53.57778  -53.44175  -53.31198  -53.67373  -53.39541  -53.31198  -53.69106

 Columns 547 through 560:

  -53.35516  -53.28667  -53.60062  -53.48066  -53.35121  -53.43620  -53.57682  -53.32670  -53.44950  -53.64621  -53.39407  -53.51709  -53.44922  -53.51858

 Columns 561 through 574:

  -53.65168  -53.28426  -53.63087  -53.46989  -53.32399  -53.69329  -53.44175  -53.32399  -53.77949  -53.47658  -53.32929  -53.60062  -53.48066  -53.35121

 Columns 575 through 588:

  -53.43620  -53.57682  -53.35121  -53.44950  -53.64621  -53.55450  -53.46676  -53.46520  -53.44610  -53.59852  -53.28426  -53.54232  -53.59852  -53.29760

 Columns 589 through 602:

  -53.70463  -53.50310  -53.35242  -53.72985  -53.52691  -53.36637  -53.56234  -53.48066  -53.39377  -53.44950  -53.57682  -53.35121  -53.44950  -53.55590

